    unsorted:	 333.5174840 467.6964002 31.19117144 1202.890392 408628.8474
      sorted:	 31.19117144 333.5174840 467.6964002 1202.890392 408628.8474
