    unsorted:	 951.6950582 534.9297223 -7.070701320 7740.923596 412762.5281
      sorted:	 -7.070701320 534.9297223 951.6950582 7740.923596 412762.5281
